restype,fir
fs,1.0
pbend,0.3
gain,1.0
sbstart,0.33
filttype,lpf
ripple,0.1
atten,80.0
wintype,6
ntaps,114
taps,8.649797451192497e-05,-0.0006979612155341148,-0.0018484454263496689,-0.0009282143734232276,0.0008796800008959142,8.466039026224879e-05,-0.0009094903513823273,0.0006223477624645603,0.0005519797428052186,-0.0011819008580283164,0.00028108428254695585,0.0012074014446693741,-0.0013072698654694108,-0.0004180086118381536,0.00191678196031249,-0.001031040965368092,-0.0014795766881625532,0.002423632366043592,-0.00017733651293269493,-0.002746141034134298,0.0024193859464811157,0.0013070491704791885,-0.003912264985291096,0.0016119946406068547,0.0033023593293729993,-0.004557170412125548,-0.00018999934966755651,0.005484472771108847,-0.004212018362970485,-0.0029913950981309803,0.007331374706590945,-0.0024554978803907807,-0.0065445324628450935,0.008171081008261458,0.0009806232682532184,-0.010319981676856719,0.0072637045271249185,0.006132164367337955,-0.013507201387463063,0.0038696457244802728,0.012723233919863887,-0.015045142505179075,-0.0026882680637936173,0.020203333446367554,-0.013584220901163175,-0.013170480975433415,0.027782876860020754,-0.00718945852325898,-0.029049259979041963,0.03455775970558269,0.008231898005105001,-0.05539859441549525,0.03965655389892246,0.049213033586926025,-0.12455963299027156,0.042394282464222874,0.5286408441925461,0.5286408441925461,0.042394282464222874,-0.12455963299027156,0.049213033586926025,0.03965655389892246,-0.05539859441549525,0.008231898005105001,0.03455775970558269,-0.029049259979041963,-0.00718945852325898,0.027782876860020754,-0.013170480975433415,-0.013584220901163175,0.020203333446367554,-0.0026882680637936173,-0.015045142505179075,0.012723233919863887,0.0038696457244802728,-0.013507201387463063,0.006132164367337955,0.0072637045271249185,-0.010319981676856719,0.0009806232682532184,0.008171081008261458,-0.0065445324628450935,-0.0024554978803907807,0.007331374706590945,-0.0029913950981309803,-0.004212018362970485,0.005484472771108847,-0.00018999934966755651,-0.004557170412125548,0.0033023593293729993,0.0016119946406068547,-0.003912264985291096,0.0013070491704791885,0.0024193859464811157,-0.002746141034134298,-0.00017733651293269493,0.002423632366043592,-0.0014795766881625532,-0.001031040965368092,0.00191678196031249,-0.0004180086118381536,-0.0013072698654694108,0.0012074014446693741,0.00028108428254695585,-0.0011819008580283164,0.0005519797428052186,0.0006223477624645603,-0.0009094903513823273,8.466039026224879e-05,0.0008796800008959142,-0.0009282143734232276,-0.0018484454263496689,-0.0006979612155341148,8.649797451192497e-05
